32.66
32.63
31.58
31.34
31.66
31.18
31.07
30.33
31.02
31.33
34.16
33.29
33.49
33.64
32.80
31.62
32.18
32.61
31.85
31.25
30.03
29.92
30.04
30.23
30.15
29.91
30.93
30.12
28.50
28.40
27.68
27.33
26.91
27.38
28.69
28.20
28.07
27.94
27.94
27.75
27.23
26.79
27.15
27.07
26.72
26.80
26.65
26.39
26.50
25.60
24.64
25.59
26.00
27.30
27.49
26.99
27.39
26.71
27.31
27.71
27.64
27.37
27.99
27.10
26.96
27.73
28.10
26.49
25.54
24.22
23.88
24.60
22.80
23.42
23.00
23.05
23.21
24.01
24.15
23.46
23.85
23.72
23.15
22.98
22.47
22.68
23.14
23.75
24.38
24.18
23.71
23.32
23.18
23.32
22.35
21.38
21.08
20.86
21.86
21.50
22.48
23.18
23.04
22.32
22.30
22.72
22.69
23.35
23.91
23.92
22.82
22.78
23.91
23.88
23.91
23.50
24.05
23.55
24.43
23.41
22.81
23.21
23.46
23.34
22.88
23.10
23.32
22.83
23.00
24.17
24.01
25.80
24.64
24.67
24.45
24.30
22.05
21.82
21.75
20.93
21.80
21.47
21.01
21.22
20.59
21.56
22.82
22.14
22.58
23.49
23.81
22.80
23.69
24.23
24.42
24.62
24.04
24.14
23.85
23.99
23.55
23.88
23.94
24.15
24.38
24.78
25.97
25.65
26.03
25.63
24.90
25.19
24.95
25.88
25.29
25.44
25.73
25.13
25.30
25.10
25.34
25.00
25.97
26.35
27.10
26.46
26.52
25.50
25.38
25.30
24.25
23.88
23.97
23.80
23.44
23.82
23.90
24.07
24.93
25.05
25.00
25.33
25.11
25.30
25.02
25.16
25.42
24.97
25.76
25.65
25.40
25.31
25.41
26.10
26.06
26.88
27.21
27.75
27.68
27.67
27.40
27.77
27.44
26.55
27.20
27.03
27.63
26.95
26.97
28.39
27.79
28.01
27.99
28.54
29.70
29.94
29.48
28.57
27.40
27.45
27.45
27.81
27.46
28.07
29.37
29.15
29.53
29.55
29.19
28.16
28.29
28.95
28.80
30.72
32.07
31.99
32.49
32.22
31.54
33.48
32.77
31.84
31.09
30.94
31.64
30.98
30.70
31.48
29.51
29.51
29.60
29.39
29.08
29.35
28.88
27.10
27.98
27.39
27.02
28.03
28.05
27.60
28.02
28.13
27.36
27.26
27.52
27.36
26.72
26.82
27.00
27.62
27.16
26.92
26.70
26.44
26.30
27.03
27.12
27.81
28.33
28.00
27.83
27.93
27.91
27.70
27.73
28.45
28.31
28.13
27.88
27.79
27.84
27.81
28.62
28.86
29.17
29.55
29.45
29.15
29.15
29.17
29.21
29.65
30.00
30.06
30.13
30.09
30.71
31.10
30.00
29.97
30.08
29.96
29.70
29.82
28.76
28.42
28.01
27.01
27.02
27.36
27.65
27.29
27.77
27.33
27.13
26.34
26.28
26.88
27.17
27.39
27.16
26.96
26.45
26.52
26.55
25.97
25.80
25.89
25.70
26.70
26.70
26.89
27.07
27.24
26.91
27.78
27.21
26.82
26.94
26.73
26.80
26.15
26.13
26.02
26.22
26.00
25.90
26.36
26.80
26.62
26.81
27.12
26.77
27.07
27.35
26.96
27.64
27.36
26.78
26.66
26.97
26.88
26.67
26.65
26.53
26.83
26.86
26.88
26.65
26.57
26.74
26.38
26.28
26.19
26.39
26.49
26.42
26.72
26.65
26.75
27.01
28.65
28.35
28.00
27.80
27.70
28.05
28.00